# seed 2846641527
10
6
6.96281 7.30884
4.23427 6.67796
3.96013 6.22175
4.83543 5.87465
4.99735 3.60777
6.43921 5.0786
5
9.23804 6.02816
8.11312 5.63384
6.91063 5.92856
6.72553 2.33419
7.55538 1.8941
5
14.8747 7.52002
15.0459 8.57632
13.5754 9.62751
12.1423 6.81054
14.5591 6.41089
5
7.92493 12.6351
7.27148 13.2941
6.9033 12.03
5.13666 10.9361
8.2379 9.61388
7
5.56186 8.43998
3.45007 8.70396
2.49726 8.06926
2.49958 6.97362
3.15398 6.27045
4.41034 6.84586
5.88801 7.26745
8
9.54045 17.1198
9.63901 17.2625
7.84116 18.9905
6.36153 17.0772
7.68058 16.9128
7.46028 15.6347
9.07716 15.8586
11.1349 15.9899
5
12.9886 4.20824
11.2302 5.65847
10.9267 2.11454
11.0678 1.7443
12.7285 2.32988
4
15.7304 12.6306
14.4283 13.6522
11.7344 11.2227
14.3169 10.7527
7
5.04629 16.3887
5.82968 15.6667
5.11998 15.8726
4.6583 15.1222
4.52351 14.1682
5.94593 12.8596
7.81632 14.2577
6
14.9219 17.609
11.9466 17.1348
11.13 16.4897
11.9784 16.2371
12.2135 15.0913
13.289 14.81
0.5 0.5
19.5 19.5
